

priority 1: (W,S,T means buildings)

(8,9),(19,9) T


priority 2: 

(0,13),(1,12),(2,11),(3,10),(4,9),(5,8),(27,13),(26,13) W

priority 3: 

(14,2),(15,3),(16,4),(17,5),(18,6),(19,7),(20,8),(22,10),(23,11),(24,12),(25,13) W

priority 4: 

(6,7),(7,6),(8,5),(9,4),(10,3),(11,2),(12,2),(13,2) W

priority 5: 
（接下来这几行的TS，交错搭建）

(21,10),(22,11),(19,8),(18,9),(21,11),(21,12),(17,10) T
(14,3),(13,3),(12,3),(12,4),(13,4),(14,4) S 


priority 6: 
（接下来这几行的TS，交错搭建）

(2,13),(3,13),(2,12) T
(24,13),(23,13) T